0 **010110011**1100100
1 010**100111001010100
2 0111000**11100110110
3 *001**11**0101100110
4 11100010110000100110
5 01111**00*110011**11
6 *100*000111110000001
7 *10101**0*11**11**10
8 0100**111*0000*00001
9 *101**1000*010*11101

0 **010110011**1100100
1 010**100111001010100
3 *001**11**0101100110
5 01111**00*110011**11
6 *100*000111110000001
7 *10101**0*11**11**10
2 0111000**11100110110
8 0100**111*0000*00001
9 *101**1000*010*11101
4 11100010110000100110
0 **010110011**1100100




0 **010110011**1100100 20
1 010**100111001010100 16
7 *10101**0*11**11**10 19
4 11100010110000100110 18
3 *001**11**0101100110 14
7 *10101**0*11**11**10 16
2 0111000**11100110110 10
7 *10101**0*11**11**10 6
2 0111000**11100110110 8
7 *10101**0*11**11**10 6     6
2 0111000**11100110110 9     6
7 *10101**0*11**11**10 13     6
8 0100**111*0000*00001 20   20
6 *100*000111110000001 13   13
8 0100**111*0000*00001 15   15
9 *101**1000*010*11101 18   18
5 01111**00*110011**11 19   19

[0 1 7 4 3 7 2 7 2 7 2 7 8 6 8 9 5
[20 16 19 18 14 16 10 6 8 6 9 13 20 13 15 18 19]